1.5, 0
2.5, 2.5
-3.5, 2
1.5, 4.5
-3.25, -2.75
3, -7
-0.5, 6.5 
0, 2.5
-3.25, -0.25 
2, 12
-3.25, 7 
-3, 3
3, -1
0, -1.5
-4.5, -1.75
-11, 2.5
-3, -4
-3.25, 10
-2.75, -9
-1, -0.5




0, 2.5, 2, 4.5, -2.75, -7, 6.5, 2.5, -0.25, 12, 7, 3, -1, -1.5, -1.75, 2.5, -4, 10, -9, -0.5

0, 
3,
3,
2.5, 
1.5, 
2, 
-3.25, 
-3.25, 
-11, 
-4.5, 
-2.75, 
-3, 
-3.25, 
-3.25, 
-3.5, 
-3, 
-1, 
-0.5, 
0, 
1.5


-1.5, 
-7, 
-1, 
2.5, 
4.5, 
12, 
10, 
7, 
2.5, 
-1.75, 
-9, 
-4, 
-2.75, 
-0.25, 
2, 
3, 
-0.5, 
6.5, 
2.5, 
0

























